std_in :[0.16280619 0.20849304 0.14008107 0.19767644 4.07141682 3.94773216 4.21006244 4.05494136]
mean_in :[  0.23651549   0.31761484   0.18514981   0.26901252 -14.57879175  -8.6098158  -14.29073382  -8.33534564]
median_in :[  0.23651549   0.31761484   0.18514981   0.26901252 -14.57879175  -8.6098158  -14.29073382  -8.33534564]
max_in :[ 0.56519184  0.70935154  0.53432751  0.66288453 -7.85489845 -1.61887217 -7.48478746 -1.26720715]
min_in :[  0.03540783   0.04156244   0.03062815   0.03643807 -23.19632721 -16.43351936 -23.46723938 -16.71599197]
num_0 :1161425968
num_1 :18120626
num_2 :363550
